3
3
1
34.9435005
1
82438.8047
0
13
38.8074989
1
12327.208
0
None
1.99712205
None
70111.5938
1
None
1.98296404
None
8821.64648
1
None
1.94053137
None
3505.56152
1
None
None
None
None
None
None
None
None
None
None
1
30.6375008
1
34802.6758
0
0
106.830505
1
4471.2373
0
1
53.425499
1
30331.4375
0
None
1.10584199
None
2640.24561
1
None
1.01039231
None
1830.99194
1
None
1.11175179
None
5602.8252
1
None
1.13180923
None
24728.6133
1
1
34.4674988
1
13440.9785
0
13
38.7815018
1
2101.32617
0
1
54.0384979
1
11339.6523
0
None
0.94652307
None
1470.95068
1
None
0.723805666
None
630.375549
1
None
0.988560855
None
1978.61267
1
None
1.03371906
None
9361.04004
1
